HITACHI AIR CONDITIONER HEX CODES:

Raw: (199) 4434, -4346, 583, -1581, 556, -538, 557, -1584, 554, -1610, 555, -495, 575, -522, 572, -1583, 556, -526, 569, -510, 559, -1608, 556, -511, 558, -539, 556, -1582, 557, -1608, 556, -511, 558, -1608, 556, -467, 602, -538, 557, -1582, 556, -1608, 557, -1607, 556, -1583, 556, -1608, 556, -1582, 556, -1608, 556, -1582, 556, -536, 559, -510, 559, -538, 558, -511, 558, -539, 556, -513, 556, -539, 556, -513, 556, -1608, 557, -512, 557, -538, 556, -513, 557, -512, 557, -538, 557, -1581, 557, -1608, 556, -512, 583, -1582, 556, -1608, 556, -1582, 556, -1609, 555, -1583, 556, -5178, 4390, -4346, 583, -1582, 555, -522, 574, -1582, 556, -1608, 555, -494, 576, -537, 558, -1583, 555, -537, 559, -487, 582, -1608, 556, -511, 558, -539, 556, -1582, 556, -1608, 556, -512, 557, -1609, 555, -512, 584, -489, 580, -1608, 556, -1582, 556, -1608, 556, -1582, 556, -1608, 556, -1583, 555, -1609, 556, -1608, 556, -498, 570, -538, 558, -512, 557, -512, 557, -539, 556, -513, 554, -541, 554, -515, 554, -1611, 554, -514, 555, -540, 555, -514, 555, -541, 555, -514, 554, -1610, 554, -1584, 555, -540, 555, -1583, 555, -1609, 555, -1584, 554, -1610, 554, -1610, 555, 
09:39:27.711 -> TURN ON


 Raw: (199) 4410, -4370, 558, -1582, 556, -535, 560, -1584, 555, -1609, 555, -491, 578, -526, 569, -1582, 556, -537, 558, -512, 557, -1609, 556, -511, 558, -514, 581, -1583, 556, -1607, 557, -489, 579, -1609, 556, -507, 561, -1609, 556, -1582, 556, -1608, 556, -1608, 556, -511, 558, -1609, 556, -1582, 555, -1609, 555, -512, 557, -538, 557, -489, 581, -539, 556, -1582, 556, -539, 556, -513, 556, -1608, 556, -1583, 555, -1609, 556, -511, 558, -524, 571, -513, 556, -539, 556, -513, 556, -540, 555, -513, 556, -513, 582, -1582, 556, -1609, 555, -1583, 556, -1608, 556, -1582, 556, -5147, 4422, -4370, 558, -1577, 561, -517, 578, -1583, 555, -1609, 555, -494, 575, -537, 559, -1582, 557, -529, 565, -511, 558, -1611, 553, -487, 582, -539, 557, -1582, 556, -1608, 556, -511, 557, -1609, 556, -511, 584, -1583, 556, -1608, 556, -1582, 555, -1609, 556, -491, 578, -1608, 556, -1582, 556, -1608, 556, -517, 578, -488, 581, -512, 557, -540, 556, -1582, 556, -538, 557, -512, 554, -1611, 554, -1610, 554, -1584, 554, -539, 557, -514, 555, -514, 555, -540, 556, -513, 555, -541, 555, -514, 554, -541, 555, -1583, 555, -1609, 554, -1584, 555, -1609, 555, -1610, 554, 
09:39:57.806 -> TURN OFF






